0.669206 0.646880 0.069429 0.117972 0.495212 0.313002 0.089149 0.737565 0.620871 0.739166 0.424004 0.352972 0.340552 0.227069 0.465563 0.455603 0.108522 0.695127 0.447028 0.453097 0.503984 0.393687 0.300517 0.445521 0.688474 0.799489 0.361012 0.357853 0.272729 0.875374 0.964318 0.115123 0.764206
0.688690 0.115774 0.158085 0.152520 0.740630 0.067833 0.408906 0.572495 0.424383 0.038308 0.693001 0.328298 0.806344 0.849608 0.556664 0.558539 0.171927 0.538181 0.012779 0.321162 0.676352 0.429857 0.969557 0.428610 0.655219 0.732150 0.067523 0.164147 0.709636 0.390811 0.011108 0.664313 0.244445
0.297251 0.354715 0.300672 0.724680 0.047875 0.493951 0.477016 0.938195 0.236859 0.672730 0.984052 0.897245 0.244223 0.462332 0.910600 0.553965 0.012623 0.703206 0.509485 0.847213 0.363716 0.041572 0.169000 0.012117 0.881750 0.218074 0.052400 0.169155 0.928534 0.583578 0.598955 0.717038 0.539848
0.081309 0.721936 0.267512 0.464811 0.722587 0.513627 0.366979 0.541776 0.782120 0.497063 0.402634 0.734952 0.882347 0.890090 0.392237 0.343343 0.505147 0.759038 0.309936 0.971679 0.863720 0.509353 0.491448 0.609119 0.760192 0.572596 0.017827 0.202063 0.196935 0.469291 0.190617 0.918367 0.411696
0.969975 0.205247 0.977413 0.665856 0.437425 0.206832 0.853959 0.563754 0.711246 0.294900 0.986565 0.855774 0.488920 0.786996 0.891924 0.845475 0.294683 0.351798 0.076890 0.137868 0.836905 0.972206 0.249621 0.190838 0.865890 0.642621 0.234799 0.801941 0.540346 0.087136 0.247891 0.998477 0.229568
0.956892 0.460874 0.964432 0.528695 0.992344 0.064902 0.664119 0.121685 0.631396 0.630196 0.021148 0.082525 0.003641 0.571035 0.337099 0.725037 0.098053 0.701249 0.405020 0.001679 0.916765 0.645302 0.790718 0.770729 0.874718 0.301738 0.824649 0.456990 0.883168 0.987980 0.885507 0.715631 0.428417
0.993206 0.715726 0.835170 0.767752 0.560503 0.358285 0.475376 0.049151 0.662115 0.507400 0.958307 0.842137 0.756061 0.898865 0.814181 0.287676 0.860278 0.816280 0.077656 0.248030 0.599881 0.981971 0.132183 0.115291 0.406732 0.172654 0.761383 0.707378 0.939147 0.683353 0.880242 0.266776 0.936360
0.784278 0.126790 0.234468 0.615383 0.014973 0.349498 0.124138 0.646391 0.516874 0.633147 0.954255 0.670369 0.100816 0.943010 0.320891 0.777064 0.041879 0.947093 0.276597 0.061074 0.364106 0.597000 0.613094 0.242686 0.902449 0.108124 0.400006 0.155218 0.008340 0.476405 0.054300 0.054704 0.725854
0.658265 0.771506 0.859349 0.775855 0.575499 0.203936 0.516937 0.997712 0.413692 0.386850 0.345798 0.806611 0.739122 0.542617 0.469293 0.295013 0.652282 0.267490 0.281156 0.233377 0.368504 0.293071 0.333570 0.878270 0.842621 0.658999 0.591590 0.716873 0.575205 0.305304 0.720530 0.060295 0.352168
0.119905 0.548640 0.280048 0.263828 0.943557 0.263592 0.063818 0.650801 0.613678 0.161772 0.989887 0.492301 0.575449 0.229416 0.397918 0.684610 0.652803 0.407575 0.280838 0.570795 0.366049 0.618885 0.920996 0.541582 0.996053 0.389246 0.445760 0.133268 0.065508 0.948966 0.787047 0.963404 0.220135
0.397488 0.595280 0.246285 0.677142 0.854928 0.075844 0.012901 0.081156 0.737151 0.940006 0.928777 0.992214 0.014771 0.262807 0.549813 0.491160 0.054478 0.276510 0.312364 0.892456 0.534896 0.148735 0.306796 0.718596 0.660223 0.627086 0.289145 0.128719 0.111836 0.020444 0.312960 0.535806 0.010762
0.802171 0.898691 0.874033 0.277215 0.917848 0.382368 0.276798 0.287379 0.898650 0.764216 0.196557 0.370362 0.760844 0.557633 0.936660 0.269611 0.415755 0.001287 0.869435 0.749101 0.894096 0.500526 0.978791 0.354412 0.468690 0.302865 0.532717 0.255355 0.093784 0.763171 0.357912 0.791141 0.118297
0.657968 0.235860 0.926797 0.697849 0.939719 0.260735 0.549191 0.245250 0.248088 0.111756 0.564300 0.024016 0.344880 0.838664 0.174272 0.987638 0.367378 0.908852 0.143609 0.811340 0.442091 0.408724 0.896358 0.115573 0.207779 0.779969 0.555491 0.017413 0.952054 0.718847 0.458375 0.141405 0.088201
0.216416 0.306095 0.455524 0.337049 0.268192 0.759735 0.723266 0.190253 0.548785 0.057610 0.764759 0.639357 0.720007 0.568329 0.520990 0.802437 0.452266 0.282206 0.336237 0.820824 0.211567 0.750273 0.739706 0.763892 0.068045 0.369151 0.717098 0.592064 0.654766 0.065861 0.163101 0.666535 0.853956
0.564984 0.081121 0.240752 0.612345 0.481790 0.621242 0.999916 0.593629 0.602337 0.071725 0.901066 0.172964 0.621132 0.936438 0.626619 0.346532 0.728667 0.294288 0.579371 0.901672 0.801424 0.751763 0.343060 0.879678 0.025372 0.153051 0.344386 0.200874 0.996624 0.851947 0.100345 0.485359 0.655445
0.233854 0.389760 0.465158 0.907515 0.914373 0.756918 0.045364 0.620874 0.136033 0.725417 0.369607 0.060464 0.238839 0.865416 0.295821 0.900554 0.759881 0.070153 0.529215 0.821343 0.541489 0.596164 0.694607 0.442160 0.227234 0.035019 0.653240 0.259090 0.261310 0.074618 0.712948 0.804657 0.119722
0.406375 0.827281 0.682142 0.678793 0.669572 0.127045 0.265394 0.677959 0.831190 0.667030 0.005698 0.770078 0.549952 0.337702 0.474916 0.073656 0.505636 0.399871 0.068244 0.022052 0.141488 0.526549 0.242270 0.673060 0.153972 0.350083 0.670154 0.512910 0.240616 0.700559 0.106357 0.598255 0.404589
0.755501 0.900912 0.107735 0.364628 0.628693 0.743693 0.262751 0.613790 0.071757 0.072336 0.663091 0.599695 0.808130 0.580053 0.034479 0.842490 0.876805 0.041751 0.685124 0.000308 0.331764 0.035659 0.015259 0.097671 0.596915 0.592746 0.406242 0.182945 0.796290 0.211789 0.956900 0.092472 0.684251
0.310592 0.890228 0.744764 0.542281 0.192938 0.361098 0.760929 0.919778 0.133852 0.863014 0.033104 0.732554 0.900817 0.121351 0.985412 0.081983 0.153815 0.130518 0.994441 0.469882 0.821491 0.153767 0.296813 0.298814 0.709833 0.620868 0.702871 0.294063 0.593690 0.984408 0.945843 0.358419 0.023167
0.251803 0.944491 0.340045 0.444290 0.891465 0.765818 0.778339 0.597825 0.270762 0.187762 0.232758 0.137395 0.023405 0.134006 0.292397 0.811290 0.559471 0.329183 0.393767 0.120932 0.592145 0.285019 0.553862 0.345097 0.474521 0.685807 0.909543 0.156288 0.218939 0.274701 0.342334 0.167671 0.314421
0.447490 0.427152 0.736191 0.294258 0.940732 0.060685 0.879373 0.306692 0.727563 0.360441 0.737336 0.091952 0.718987 0.945118 0.078623 0.835406 0.800476 0.562426 0.857372 0.726771 0.320392 0.658944 0.437640 0.584309 0.861922 0.352775 0.421659 0.716376 0.512641 0.610978 0.428737 0.132849 0.743840
0.008728 0.823094 0.095827 0.174453 0.876236 0.763255 0.000653 0.781142 0.838965 0.294718 0.716381 0.274370 0.823775 0.017671 0.318087 0.994370 0.728925 0.960669 0.104618 0.334316 0.077442 0.094165 0.364570 0.730285 0.609834 0.840428 0.841003 0.828737 0.667624 0.667378 0.453331 0.614761 0.579617
0.180180 0.058923 0.388661 0.550256 0.246384 0.895596 0.222099 0.406307 0.936764 0.758436 0.017925 0.039964 0.385266 0.745967 0.159374 0.319095 0.873841 0.600051 0.424934 0.591767 0.773220 0.927782 0.626132 0.472082 0.484923 0.465020 0.386949 0.325879 0.184809 0.492668 0.175337 0.325732 0.943772
0.274722 0.999477 0.098217 0.549560 0.745583 0.822965 0.861526 0.260545 0.022136 0.409219 0.956622 0.210384 0.416377 0.880067 0.797597 0.309353 0.390652 0.490363 0.634975 0.143583 0.819006 0.157874 0.819962 0.817915 0.991615 0.616663 0.268412 0.527160 0.057055 0.667366 0.207629 0.693974 0.150440
0.889141 0.431941 0.339440 0.086004 0.161278 0.948104 0.903198 0.715244 0.507463 0.003743 0.907730 0.656976 0.544835 0.427194 0.607785 0.613093 0.388238 0.640980 0.127181 0.098936 0.543882 0.898673 0.086693 0.757255 0.825835 0.490119 0.494749 0.656137 0.115944 0.870836 0.235035 0.386871 0.448573
0.866194 0.301149 0.098973 0.495960 0.083902 0.109939 0.447933 0.382325 0.528023 0.337899 0.609609 0.828903 0.865169 0.075080 0.646658 0.696862 0.340602 0.278667 0.200113 0.586121 0.700783 0.357145 0.299978 0.091599 0.398368 0.517475 0.852858 0.061729 0.473265 0.339930 0.652124 0.275368 0.184650
0.850140 0.107204 0.844512 0.685588 0.701618 0.607506 0.979692 0.129517 0.594374 0.080176 0.662540 0.422212 0.426597 0.525338 0.874907 0.772271 0.875787 0.309320 0.260298 0.596502 0.866181 0.640341 0.336378 0.644001 0.796936 0.643722 0.631136 0.257469 0.780236 0.317517 0.048440 0.712680 0.696405
0.579603 0.564969 0.607635 0.556981 0.554947 0.608643 0.544934 0.932937 0.552901 0.472990 0.723534 0.481191 0.094035 0.856036 0.047248 0.529980 0.225658 0.063071 0.891966 0.829491 0.364400 0.901436 0.406514 0.148697 0.453482 0.997841 0.798876 0.615714 0.942650 0.956918 0.279829 0.098407 0.247982
0.311743 0.921404 0.603556 0.289629 0.497297 0.961808 0.767752 0.618855 0.805183 0.539969 0.652887 0.309981 0.750021 0.370192 0.207017 0.816572 0.726438 0.482371 0.105711 0.957880 0.614103 0.608487 0.138849 0.477226 0.955452 0.613427 0.764084 0.388250 0.943692 0.800370 0.061590 0.456296 0.563383
0.613960 0.988718 0.077907 0.765448 0.864738 0.990020 0.191482 0.960288 0.492294 0.747203 0.839024 0.748719 0.504151 0.359518 0.001274 0.323500 0.803698 0.634284 0.290508 0.299786 0.533635 0.790271 0.913283 0.708036 0.856228 0.563880 0.410800 0.095363 0.250654 0.786461 0.254764 0.931203 0.403834
0.243546 0.720312 0.930397 0.078595 0.057219 0.532725 0.894063 0.330871 0.308156 0.289258 0.088886 0.253642 0.110019 0.885008 0.826037 0.121451 0.129732 0.554835 0.614719 0.671489 0.384770 0.672300 0.926207 0.665543 0.185141 0.885574 0.174669 0.300286 0.847955 0.798266 0.160339 0.294133 0.520931
0.365007 0.394130 0.762628 0.088069 0.921663 0.072152 0.772998 0.335111 0.642541 0.004175 0.468684 0.147175 0.417020 0.105195 0.272406 0.411675 0.846885 0.176877 0.125778 0.647331 0.925346 0.047357 0.159409 0.306382 0.006853 0.529248 0.918489 0.506895 0.959047 0.842313 0.258813 0.746821 0.448931
