0.260309 0.961891 0.751688 0.461858 0.651207 0.634519 0.187162 0.984741 0.138913 0.633842 0.182434 0.669608 0.390622 0.133306 0.369271 0.601373 0.135856
0.333584 0.656675 0.065354 0.701970 0.824367 0.430536 0.093972 0.886462 0.788953 0.953620 0.226915 0.162257 0.797812 0.719909 0.723784 0.260466 0.951374
0.606052 0.695377 0.907426 0.531494 0.753057 0.114552 0.266104 0.262956 0.781473 0.724135 0.405362 0.444763 0.473562 0.602072 0.453937 0.250020 0.551557
0.671691 0.504481 0.205053 0.867913 0.055191 0.694590 0.636080 0.374322 0.296818 0.278103 0.790836 0.312175 0.229580 0.640336 0.777488 0.385666 0.230071
0.137912 0.602310 0.987772 0.990290 0.211194 0.351691 0.872498 0.921876 0.748026 0.035392 0.969292 0.166406 0.467722 0.848354 0.167297 0.183473 0.149361
0.727733 0.935362 0.208136 0.386102 0.953425 0.022187 0.457933 0.220908 0.965151 0.434127 0.205723 0.695584 0.525703 0.406921 0.294288 0.898494 0.062120
0.105980 0.759519 0.676836 0.405347 0.774630 0.167734 0.136076 0.006558 0.639737 0.986191 0.603085 0.490930 0.108180 0.577199 0.233846 0.290439 0.858238
0.510413 0.698580 0.771156 0.939169 0.093773 0.328316 0.989075 0.379903 0.924160 0.457078 0.167320 0.036075 0.916231 0.279865 0.769819 0.875801 0.529562
0.037731 0.971601 0.412023 0.161067 0.515120 0.649720 0.043758 0.313812 0.840624 0.732151 0.939040 0.146484 0.413460 0.542631 0.827912 0.405678 0.312411
0.237341 0.308499 0.919930 0.602081 0.861646 0.717083 0.333646 0.402949 0.187882 0.033437 0.526940 0.395284 0.484235 0.756185 0.536380 0.867881 0.506608
0.535667 0.029721 0.544326 0.402837 0.199970 0.570942 0.143830 0.068745 0.205377 0.546552 0.076578 0.636592 0.007648 0.022225 0.138632 0.943020 0.528413
0.181536 0.198276 0.490455 0.268777 0.331241 0.802680 0.433783 0.114760 0.702656 0.269699 0.440197 0.111209 0.671643 0.066121 0.167697 0.946725 0.099252
0.114817 0.577732 0.789720 0.834389 0.603522 0.026382 0.495143 0.726723 0.518667 0.113455 0.876147 0.412980 0.221326 0.511012 0.371373 0.669197 0.062172
0.740708 0.275415 0.887094 0.691873 0.282335 0.563444 0.958195 0.758248 0.990188 0.980634 0.865553 0.390769 0.558609 0.875283 0.349576 0.127164 0.699274
0.948522 0.496341 0.021087 0.519289 0.537984 0.375086 0.947746 0.868330 0.849717 0.102874 0.636976 0.118020 0.808984 0.076666 0.986180 0.427416 0.339733
0.868384 0.300737 0.830156 0.306237 0.040233 0.538311 0.604622 0.868888 0.703073 0.145010 0.394387 0.635719 0.116091 0.193827 0.020411 0.770811 0.829424
