0.605668 0.215662 0.435165 0.087355 0.108551 0.713170 0.422161 0.358631 0.704847 0.284058 0.367477 0.796409 0.060976 0.636509 0.280815 0.931356 0.150209 0.144220 0.609301 0.982606 0.475655 0.063254 0.656527 0.409455 0.268391 0.775201 0.654991 0.391843 0.556688 0.309002 0.831788 0.766393 0.945371 0.211975 0.068673 0.029201 0.285668 0.479402 0.579345 0.713351 0.407236 0.610443 0.390714 0.242578 0.716015 0.370211 0.049598 0.156007 0.613570 0.619263 0.674300 0.193885 0.109901 0.093349 0.329542 0.493257 0.207532 0.846408 0.660283 0.769792 0.964653 0.817013 0.227699 0.250045 0.295896
0.186203 0.817688 0.967678 0.900893 0.821115 0.380634 0.173209 0.361678 0.022018 0.487314 0.203627 0.002855 0.849219 0.475996 0.121228 0.033517 0.561080 0.738302 0.734213 0.741838 0.959447 0.568051 0.027276 0.047121 0.767651 0.651557 0.550134 0.365598 0.520396 0.885567 0.073415 0.544570 0.304935 0.341692 0.349451 0.841033 0.614340 0.821617 0.321858 0.465630 0.548224 0.369657 0.444285 0.624515 0.288458 0.957419 0.735547 0.339733 0.247231 0.220483 0.625708 0.360174 0.579879 0.524152 0.219430 0.320878 0.619382 0.372026 0.186778 0.681548 0.699578 0.223516 0.502953 0.055578 0.135348
0.723668 0.765408 0.833390 0.926825 0.522258 0.837315 0.613247 0.095611 0.623485 0.880758 0.907308 0.114402 0.152132 0.955211 0.611494 0.470293 0.579395 0.800738 0.485471 0.495424 0.010144 0.104676 0.706604 0.377051 0.133747 0.372178 0.387737 0.793523 0.698415 0.357505 0.135681 0.054155 0.321131 0.235699 0.453098 0.964381 0.303758 0.292762 0.568095 0.446462 0.240572 0.442140 0.003070 0.197204 0.450339 0.983614 0.192159 0.192628 0.382802 0.322403 0.829119 0.394713 0.673911 0.271414 0.182767 0.342338 0.745521 0.352389 0.471699 0.488783 0.973653 0.670248 0.239748 0.903367 0.080200
0.550743 0.057640 0.068394 0.012027 0.738132 0.471182 0.832533 0.531558 0.475509 0.455366 0.822424 0.976027 0.966376 0.271207 0.206134 0.669171 0.769510 0.483861 0.941436 0.545803 0.840196 0.427960 0.153464 0.019431 0.107470 0.051784 0.718522 0.009865 0.107411 0.417058 0.473117 0.887660 0.717026 0.259463 0.358259 0.107733 0.514022 0.629367 0.406671 0.300754 0.482562 0.818585 0.506058 0.132153 0.905640 0.469577 0.753618 0.619968 0.281860 0.510913 0.656867 0.737039 0.642733 0.704585 0.360958 0.492854 0.245575 0.007803 0.486265 0.402002 0.100733 0.721828 0.821039 0.475611 0.523662
0.683774 0.808115 0.030793 0.366456 0.067275 0.040436 0.833438 0.454020 0.426856 0.928412 0.207488 0.394793 0.892677 0.759042 0.457638 0.284639 0.660700 0.620372 0.457450 0.607452 0.015781 0.397810 0.084831 0.041871 0.382365 0.375259 0.047739 0.667449 0.428657 0.051131 0.523978 0.356691 0.994694 0.342005 0.114404 0.897918 0.108919 0.190136 0.402848 0.710650 0.914763 0.774170 0.061033 0.148808 0.755558 0.563758 0.079373 0.706803 0.483508 0.133426 0.685921 0.181975 0.171345 0.067684 0.762682 0.641548 0.885746 0.907363 0.552782 0.573471 0.342866 0.699671 0.745876 0.584965 0.851695
0.085320 0.619096 0.784235 0.281709 0.269002 0.700597 0.807908 0.863246 0.585125 0.143080 0.615875 0.441631 0.607036 0.817976 0.101077 0.816515 0.793619 0.072022 0.689908 0.822049 0.698533 0.082845 0.548821 0.500207 0.395143 0.732621 0.521681 0.260737 0.100959 0.674125 0.118523 0.743680 0.930957 0.902850 0.430264 0.664412 0.010060 0.911329 0.686989 0.823904 0.505936 0.797275 0.636930 0.100750 0.956133 0.481206 0.841602 0.018411 0.566919 0.434952 0.884108 0.426756 0.203547 0.782743 0.527126 0.734428 0.424565 0.143478 0.067032 0.258701 0.938376 0.688485 0.826398 0.984467 0.035995
0.255693 0.493503 0.301093 0.731522 0.494249 0.948388 0.108925 0.943957 0.575828 0.694463 0.646941 0.630053 0.052312 0.114889 0.125159 0.045641 0.134114 0.599459 0.339929 0.644465 0.098618 0.701922 0.163146 0.145226 0.886110 0.070150 0.387809 0.975964 0.620692 0.648286 0.568180 0.821138 0.170461 0.143971 0.429850 0.899276 0.305182 0.703007 0.000629 0.016621 0.880091 0.939079 0.833524 0.845210 0.014226 0.248857 0.542134 0.751546 0.521374 0.243014 0.269090 0.657185 0.107419 0.848393 0.118121 0.561606 0.560833 0.416078 0.955056 0.907987 0.439527 0.324978 0.207170 0.241924 0.250134
0.529220 0.748458 0.042020 0.496869 0.114502 0.751859 0.816384 0.998861 0.669593 0.746913 0.936324 0.498785 0.378559 0.555414 0.321919 0.195384 0.930687 0.477897 0.713469 0.820066 0.826138 0.647866 0.534169 0.646253 0.935581 0.992717 0.603642 0.888322 0.780017 0.315434 0.203235 0.649564 0.551475 0.426799 0.439738 0.186721 0.456245 0.450121 0.311214 0.255376 0.805790 0.816248 0.996308 0.847873 0.244640 0.071715 0.548114 0.007885 0.212843 0.229388 0.124372 0.477170 0.979902 0.895117 0.077918 0.898479 0.589047 0.692095 0.408935 0.481558 0.766105 0.994025 0.939642 0.608708 0.281420
0.908875 0.076552 0.490279 0.697158 0.076635 0.004654 0.064701 0.804647 0.576804 0.620095 0.270417 0.582080 0.282859 0.894056 0.086874 0.231473 0.278767 0.352192 0.091718 0.128192 0.748620 0.824931 0.684943 0.044787 0.362765 0.054376 0.731823 0.116805 0.120759 0.195570 0.266936 0.283004 0.274680 0.650048 0.241128 0.679773 0.820086 0.542400 0.688030 0.747757 0.019821 0.781875 0.222958 0.417498 0.657057 0.751973 0.866533 0.114326 0.736571 0.516842 0.203334 0.869751 0.535055 0.751331 0.483805 0.446402 0.301518 0.572670 0.757619 0.312248 0.574455 0.197316 0.331683 0.782111 0.754045
0.959296 0.744551 0.980697 0.833663 0.508674 0.094199 0.942305 0.317862 0.008609 0.305200 0.787278 0.881834 0.947899 0.184680 0.400181 0.763222 0.261648 0.787793 0.233632 0.116577 0.439600 0.142718 0.289761 0.445707 0.379002 0.103710 0.524941 0.927378 0.007643 0.398596 0.089209 0.367244 0.912583 0.068838 0.803543 0.872902 0.813678 0.995461 0.078568 0.257263 0.829517 0.638283 0.929878 0.939646 0.667617 0.913242 0.772620 0.331453 0.589031 0.533754 0.492398 0.545160 0.558803 0.264465 0.736819 0.214275 0.006174 0.795622 0.520739 0.950463 0.859668 0.541844 0.349636 0.646147 0.118753
0.555122 0.092113 0.323923 0.598050 0.008191 0.539880 0.880412 0.909295 0.915128 0.815260 0.976260 0.648638 0.521624 0.226539 0.793353 0.325512 0.500945 0.875262 0.229344 0.843129 0.694177 0.978494 0.918508 0.701039 0.903500 0.024403 0.339591 0.252327 0.765871 0.913206 0.144966 0.165855 0.140625 0.785649 0.927539 0.516861 0.253424 0.924939 0.497095 0.428616 0.885198 0.716054 0.775469 0.765682 0.786989 0.558253 0.734231 0.693613 0.292978 0.850731 0.859015 0.262687 0.118732 0.506824 0.882029 0.037156 0.945971 0.880244 0.012016 0.378297 0.482795 0.091118 0.021218 0.348598 0.641671
0.140424 0.218578 0.715703 0.939144 0.253285 0.889128 0.957803 0.697365 0.006933 0.337708 0.208557 0.896744 0.483237 0.823187 0.867414 0.666089 0.800915 0.917329 0.149917 0.497658 0.586041 0.734279 0.683893 0.799767 0.393757 0.083596 0.543713 0.317977 0.517363 0.436799 0.895381 0.229442 0.210230 0.283280 0.016270 0.019415 0.760218 0.315018 0.668689 0.773922 0.774269 0.753054 0.482942 0.009105 0.701043 0.132704 0.534140 0.089943 0.217402 0.318153 0.054627 0.664590 0.152812 0.282737 0.315377 0.590811 0.487864 0.485399 0.419883 0.891468 0.095686 0.584504 0.720525 0.760063 0.453702
0.245682 0.894556 0.814855 0.906170 0.194575 0.484615 0.913969 0.319897 0.113735 0.390981 0.782346 0.207595 0.397427 0.186259 0.405034 0.969165 0.768360 0.531137 0.469145 0.334725 0.962022 0.696509 0.974896 0.603257 0.373491 0.397479 0.729102 0.515406 0.426151 0.166857 0.888715 0.889534 0.212077 0.635334 0.912622 0.191496 0.757471 0.846567 0.340456 0.664007 0.921281 0.394579 0.536533 0.758504 0.597526 0.195341 0.671861 0.005861 0.353731 0.218118 0.292343 0.416467 0.538545 0.090644 0.180918 0.147931 0.953596 0.344259 0.346125 0.227765 0.462843 0.706441 0.939549 0.869864 0.765386
0.692220 0.519095 0.700469 0.232859 0.174213 0.124135 0.932034 0.131871 0.368432 0.677153 0.054314 0.431188 0.989987 0.734687 0.002894 0.860231 0.715323 0.486671 0.448609 0.278426 0.968447 0.236125 0.972737 0.305004 0.786353 0.485581 0.167474 0.986765 0.395520 0.758505 0.113368 0.943948 0.413992 0.493904 0.751253 0.368832 0.380433 0.550671 0.869307 0.551138 0.559564 0.224207 0.089010 0.853659 0.713947 0.833363 0.355220 0.645481 0.753520 0.309049 0.448630 0.293541 0.797414 0.121077 0.343316 0.653390 0.134169 0.819874 0.606767 0.266882 0.963844 0.715309 0.197060 0.745111 0.623425
0.341284 0.815564 0.207097 0.272291 0.357193 0.121432 0.931742 0.413678 0.162958 0.614397 0.558144 0.246425 0.097913 0.210041 0.618995 0.518915 0.592767 0.676528 0.236597 0.596706 0.412983 0.135847 0.536938 0.472458 0.870235 0.450434 0.056604 0.993902 0.468777 0.750948 0.436456 0.125945 0.161473 0.310748 0.332898 0.437521 0.997253 0.099169 0.168035 0.102795 0.786129 0.076511 0.532226 0.324337 0.522187 0.266888 0.110587 0.571406 0.466247 0.626942 0.471859 0.004874 0.950115 0.533128 0.716184 0.470083 0.323638 0.966514 0.102678 0.120016 0.938616 0.025601 0.878637 0.944589 0.560328
0.863613 0.834169 0.301202 0.986722 0.352135 0.125016 0.013439 0.878592 0.865821 0.374595 0.936599 0.095314 0.002907 0.198576 0.235205 0.997948 0.791013 0.591703 0.327477 0.018173 0.771723 0.935697 0.030571 0.908762 0.967061 0.692498 0.052435 0.860640 0.722610 0.919224 0.627392 0.582077 0.433164 0.731493 0.084098 0.016638 0.954739 0.199075 0.574764 0.201163 0.350530 0.158660 0.057022 0.796454 0.627670 0.820701 0.211269 0.140562 0.405978 0.917574 0.945080 0.540858 0.376619 0.459485 0.351057 0.547834 0.838141 0.273915 0.723447 0.937499 0.358730 0.997906 0.495664 0.186701 0.434309
0.134792 0.416475 0.724418 0.930599 0.517034 0.896197 0.173880 0.281152 0.468323 0.612991 0.795949 0.464046 0.977664 0.472050 0.371521 0.296093 0.325634 0.824111 0.002712 0.451042 0.396574 0.163562 0.004079 0.712314 0.526396 0.416381 0.184230 0.617889 0.320467 0.026981 0.235567 0.627389 0.677082 0.059490 0.995575 0.450574 0.841326 0.883289 0.676534 0.980823 0.828705 0.522784 0.895017 0.802792 0.565931 0.651457 0.273040 0.035234 0.138072 0.407270 0.031123 0.510167 0.723990 0.743250 0.443324 0.828405 0.177309 0.129586 0.947233 0.877680 0.803273 0.024960 0.531350 0.602779 0.796050
0.487538 0.785144 0.915819 0.363134 0.748550 0.423499 0.145232 0.667495 0.536334 0.403139 0.464746 0.031505 0.811272 0.653766 0.726807 0.316899 0.907165 0.721561 0.872911 0.529090 0.331041 0.616255 0.718572 0.192200 0.522112 0.267893 0.797315 0.017721 0.594162 0.080646 0.617893 0.637847 0.077783 0.895883 0.304764 0.499992 0.121147 0.340081 0.525143 0.472549 0.479213 0.586629 0.032663 0.125173 0.841333 0.965971 0.646199 0.056818 0.754470 0.045947 0.141293 0.810293 0.332533 0.029825 0.344338 0.405911 0.735298 0.175750 0.620597 0.420976 0.220913 0.223557 0.495120 0.284857 0.452939
0.096849 0.877942 0.592038 0.433642 0.520812 0.758509 0.300207 0.174387 0.593139 0.048763 0.394545 0.898539 0.381059 0.147040 0.624501 0.991194 0.747547 0.604380 0.952459 0.096712 0.733926 0.984259 0.138281 0.841631 0.389231 0.867645 0.091650 0.340875 0.068959 0.897444 0.011842 0.056820 0.415974 0.336888 0.865444 0.853870 0.315555 0.672075 0.815691 0.891062 0.238148 0.654592 0.334683 0.764405 0.439098 0.464257 0.630293 0.453199 0.477934 0.117355 0.863097 0.083689 0.225292 0.660912 0.760983 0.616035 0.274404 0.563252 0.348127 0.131528 0.199164 0.846967 0.068075 0.167248 0.449370
0.836008 0.145528 0.248863 0.808423 0.648193 0.735151 0.524333 0.148318 0.337695 0.956659 0.415456 0.760419 0.901651 0.029306 0.865964 0.186584 0.914757 0.423943 0.512491 0.664468 0.244113 0.272873 0.389244 0.159589 0.749716 0.886153 0.913288 0.307003 0.716831 0.034923 0.769594 0.872909 0.184355 0.249306 0.583347 0.123804 0.555654 0.724785 0.463715 0.262487 0.670808 0.016894 0.784536 0.965562 0.651180 0.141556 0.114409 0.691729 0.351966 0.270577 0.143008 0.842676 0.385245 0.477319 0.164051 0.404223 0.078218 0.897388 0.110699 0.572278 0.953529 0.679281 0.504182 0.324840 0.583429
0.371131 0.971050 0.686128 0.713294 0.079091 0.248612 0.241143 0.936673 0.499608 0.607407 0.538831 0.498330 0.018623 0.612721 0.798127 0.375478 0.472076 0.558209 0.494830 0.152171 0.650986 0.512377 0.042240 0.216080 0.198383 0.330058 0.243396 0.871227 0.129599 0.914868 0.552839 0.275196 0.481254 0.878300 0.317303 0.109533 0.777007 0.053252 0.656581 0.673244 0.177018 0.470973 0.806400 0.963511 0.797051 0.179423 0.881492 0.662032 0.967961 0.244327 0.031364 0.408479 0.702611 0.369179 0.837100 0.997085 0.643474 0.130055 0.904332 0.012500 0.359380 0.507827 0.270508 0.729258 0.958528
0.876736 0.838045 0.774853 0.532491 0.621402 0.017180 0.519084 0.303557 0.598046 0.883512 0.920783 0.793173 0.544975 0.210216 0.816282 0.973818 0.793404 0.309824 0.657461 0.584000 0.817788 0.023393 0.755297 0.221105 0.866615 0.084588 0.490973 0.371174 0.496732 0.284448 0.115334 0.709612 0.557093 0.483959 0.418879 0.427497 0.252589 0.684840 0.867330 0.244982 0.965106 0.866455 0.651432 0.969894 0.186481 0.815739 0.662489 0.426481 0.638934 0.604422 0.883734 0.186177 0.059810 0.572853 0.991423 0.179787 0.043523 0.528514 0.617036 0.612913 0.014125 0.146639 0.455331 0.727439 0.348960
0.986398 0.094852 0.898370 0.301475 0.791435 0.295316 0.458035 0.266330 0.840956 0.804512 0.551430 0.917226 0.332178 0.806775 0.089926 0.076489 0.621016 0.595498 0.508722 0.795272 0.213635 0.486145 0.958744 0.799779 0.839696 0.104865 0.972595 0.609461 0.325398 0.077443 0.433015 0.902234 0.380653 0.519213 0.803806 0.896571 0.497445 0.819188 0.753333 0.643460 0.376565 0.011587 0.599483 0.785133 0.773346 0.685080 0.129528 0.089384 0.569972 0.522681 0.049287 0.886351 0.612342 0.341340 0.337657 0.628535 0.726972 0.332593 0.270859 0.689128 0.262299 0.930700 0.630471 0.964152 0.769941
0.482601 0.700987 0.205616 0.293581 0.284895 0.267324 0.497897 0.777345 0.200768 0.275977 0.359369 0.546054 0.944595 0.608684 0.225625 0.638426 0.698325 0.564301 0.582360 0.336318 0.723546 0.031029 0.106992 0.601089 0.449008 0.375977 0.118361 0.093785 0.507793 0.622491 0.298384 0.327890 0.975299 0.072360 0.454223 0.999638 0.708225 0.106644 0.789991 0.753514 0.734519 0.135475 0.361899 0.682451 0.501245 0.961398 0.573099 0.232779 0.767746 0.150679 0.489943 0.799609 0.852246 0.353459 0.361269 0.376381 0.968441 0.127486 0.416403 0.460527 0.064559 0.471424 0.175869 0.505016 0.575832
0.605625 0.476904 0.675038 0.085872 0.087155 0.308277 0.852953 0.037970 0.248007 0.432120 0.754661 0.756749 0.665436 0.541567 0.361057 0.912907 0.684682 0.293345 0.268514 0.630275 0.848852 0.414836 0.278015 0.962675 0.244778 0.159514 0.447627 0.441761 0.607321 0.988573 0.691272 0.569440 0.398851 0.345636 0.764820 0.468262 0.222567 0.537917 0.512544 0.908666 0.876455 0.772544 0.518182 0.624647 0.044392 0.660201 0.859723 0.188242 0.385058 0.895987 0.081108 0.087156 0.966122 0.341578 0.448165 0.718115 0.111951 0.997353 0.139828 0.205254 0.732999 0.726220 0.667242 0.939881 0.600235
0.680523 0.902276 0.225344 0.738119 0.444550 0.012866 0.188340 0.828122 0.675965 0.560175 0.998527 0.082256 0.739055 0.710222 0.212194 0.001396 0.191462 0.494051 0.638029 0.138842 0.489285 0.505719 0.177598 0.776285 0.401733 0.450157 0.079573 0.494091 0.479291 0.729137 0.360711 0.744012 0.026124 0.153834 0.303557 0.481901 0.001614 0.760031 0.177934 0.757441 0.652518 0.284687 0.189428 0.357213 0.115335 0.332520 0.860324 0.866813 0.212528 0.098753 0.354319 0.015233 0.773850 0.280882 0.100573 0.265731 0.908064 0.312174 0.877872 0.693414 0.010573 0.339565 0.488459 0.252094 0.119565
0.000746 0.177157 0.917280 0.061344 0.565375 0.125434 0.806326 0.714445 0.484636 0.518723 0.928229 0.944019 0.502382 0.484540 0.346317 0.960519 0.963731 0.685599 0.786215 0.933532 0.780269 0.343838 0.589149 0.640985 0.576213 0.810389 0.610338 0.480321 0.924374 0.575933 0.235730 0.379772 0.987552 0.374440 0.083493 0.844617 0.310354 0.457875 0.890063 0.263771 0.755319 0.774371 0.498692 0.809905 0.233246 0.946014 0.664186 0.661477 0.663872 0.337143 0.398453 0.195187 0.031711 0.911109 0.311402 0.067961 0.158022 0.177195 0.350764 0.955448 0.430799 0.236087 0.166737 0.901460 0.586569
0.558766 0.680718 0.303746 0.953577 0.068555 0.156181 0.058565 0.531513 0.673898 0.990546 0.984373 0.841571 0.050107 0.335833 0.886650 0.204004 0.020605 0.633774 0.547533 0.239098 0.968948 0.558745 0.255198 0.607386 0.567127 0.831289 0.212602 0.048735 0.468521 0.016029 0.212921 0.250169 0.824503 0.439537 0.060803 0.880211 0.791817 0.049333 0.714999 0.135230 0.919288 0.009355 0.481199 0.084320 0.672921 0.169213 0.215289 0.288332 0.466427 0.257199 0.860547 0.949962 0.642599 0.173577 0.059028 0.938876 0.124924 0.557627 0.183481 0.146001 0.394020 0.345389 0.192092 0.930208 0.939820
0.793806 0.353326 0.320395 0.971079 0.583804 0.194207 0.026009 0.506198 0.875683 0.432224 0.607407 0.973855 0.946653 0.292804 0.755706 0.825675 0.057259 0.174786 0.231519 0.199015 0.441007 0.484257 0.551907 0.018157 0.174251 0.923556 0.970360 0.831654 0.352758 0.448587 0.457855 0.245591 0.050973 0.389709 0.986983 0.241372 0.923213 0.862623 0.753110 0.359700 0.711446 0.440890 0.423135 0.736798 0.342637 0.920363 0.405592 0.448973 0.407202 0.037917 0.474268 0.835724 0.353138 0.608445 0.282443 0.540141 0.005608 0.284322 0.837807 0.975855 0.114874 0.066188 0.557256 0.353582 0.249028
0.264678 0.095516 0.056840 0.418295 0.601507 0.867868 0.284764 0.286771 0.295862 0.681098 0.240557 0.392556 0.546615 0.202004 0.904958 0.359809 0.146801 0.585204 0.319324 0.003123 0.408449 0.677404 0.413954 0.094688 0.562504 0.748318 0.705495 0.087277 0.418242 0.562044 0.292632 0.643858 0.422703 0.647203 0.293882 0.985787 0.300436 0.456924 0.787727 0.958980 0.518113 0.154056 0.710670 0.461250 0.432299 0.920902 0.296291 0.034709 0.029944 0.431429 0.821588 0.503873 0.619604 0.271624 0.454414 0.752941 0.694263 0.363448 0.740664 0.785484 0.088002 0.611184 0.310551 0.232356 0.496690
0.797057 0.031843 0.718344 0.915602 0.931949 0.378746 0.605068 0.325088 0.687982 0.863539 0.835081 0.463554 0.425571 0.858960 0.644751 0.661677 0.492754 0.186715 0.151943 0.703134 0.580785 0.390606 0.703253 0.812891 0.399802 0.823485 0.463146 0.662903 0.848861 0.760454 0.372512 0.127641 0.087237 0.121686 0.954584 0.379901 0.406347 0.816272 0.685375 0.945264 0.278529 0.635169 0.453726 0.646279 0.803072 0.978374 0.452322 0.073650 0.246618 0.515134 0.599837 0.668373 0.989891 0.795437 0.911026 0.190315 0.041366 0.186450 0.647560 0.271536 0.825541 0.709962 0.633741 0.228104 0.516413
0.729598 0.679810 0.865993 0.911188 0.369923 0.347084 0.322280 0.550143 0.634106 0.124074 0.467577 0.443176 0.848603 0.324639 0.653840 0.426274 0.087371 0.481260 0.624085 0.996888 0.875115 0.027805 0.845985 0.449475 0.363909 0.159838 0.258989 0.602058 0.778209 0.067186 0.396258 0.601826 0.301024 0.701979 0.007422 0.802122 0.329183 0.774825 0.923537 0.920520 0.563791 0.045294 0.771966 0.005606 0.725899 0.580046 0.115543 0.713873 0.862303 0.426104 0.500404 0.546958 0.110773 0.392227 0.075034 0.521722 0.740176 0.282453 0.512567 0.346981 0.909248 0.826058 0.789328 0.626306 0.929591
0.486460 0.493183 0.861165 0.296222 0.973346 0.370877 0.264584 0.791340 0.468452 0.339341 0.516217 0.709524 0.452942 0.310202 0.524893 0.729927 0.005063 0.352174 0.696723 0.142983 0.386863 0.907334 0.054568 0.775460 0.023336 0.976257 0.303854 0.521670 0.925098 0.613564 0.452674 0.253263 0.180721 0.088748 0.733777 0.141195 0.966352 0.499183 0.885133 0.903727 0.576464 0.962780 0.672625 0.357279 0.822548 0.831840 0.377937 0.390167 0.836023 0.909718 0.469550 0.121241 0.876170 0.496391 0.071517 0.475216 0.322684 0.844113 0.705216 0.034408 0.375166 0.019701 0.312426 0.452553 0.401697
0.822187 0.439939 0.327542 0.389589 0.076410 0.891626 0.360608 0.075410 0.132441 0.167179 0.824141 0.600527 0.030095 0.755987 0.890940 0.782533 0.921924 0.876803 0.055942 0.886053 0.469028 0.906444 0.201446 0.488286 0.819807 0.979124 0.134694 0.414084 0.176703 0.772695 0.642005 0.607385 0.335210 0.370891 0.644571 0.591066 0.742724 0.852032 0.317473 0.620653 0.065928 0.448391 0.167480 0.685256 0.469872 0.507731 0.748534 0.802078 0.958695 0.562759 0.478198 0.462782 0.515537 0.640698 0.326259 0.843839 0.291266 0.340406 0.754174 0.496851 0.497549 0.116349 0.555735 0.061983 0.695742
0.064161 0.202750 0.611532 0.742913 0.682954 0.246140 0.722393 0.465487 0.331108 0.687919 0.736172 0.048274 0.463929 0.651128 0.602626 0.024714 0.159553 0.995878 0.489681 0.517678 0.614345 0.424509 0.775360 0.530783 0.187143 0.225027 0.715770 0.892152 0.025170 0.246032 0.435071 0.329675 0.489382 0.428427 0.358590 0.245391 0.687220 0.483478 0.672722 0.507500 0.462306 0.437096 0.778654 0.238104 0.933366 0.263675 0.430576 0.027253 0.359660 0.597665 0.113201 0.651461 0.641291 0.169708 0.276929 0.844281 0.117299 0.821155 0.890497 0.334210 0.509907 0.495161 0.184669 0.364994 0.634711
0.413557 0.328748 0.417152 0.421777 0.089131 0.469863 0.216366 0.098334 0.518257 0.772423 0.998509 0.805435 0.868810 0.248170 0.180210 0.274428 0.996878 0.293793 0.341110 0.050127 0.160472 0.916504 0.177416 0.095218 0.664358 0.009452 0.141288 0.094509 0.072618 0.934697 0.858646 0.089026 0.039736 0.769171 0.178824 0.883721 0.722264 0.220995 0.969534 0.490528 0.248461 0.329773 0.681325 0.190041 0.681654 0.205067 0.679121 0.128197 0.569388 0.002987 0.316958 0.327863 0.537437 0.987434 0.822298 0.936158 0.810300 0.955036 0.535196 0.375246 0.143077 0.532744 0.919004 0.414650 0.100478
0.048007 0.724378 0.209972 0.752745 0.704448 0.173721 0.983413 0.744597 0.735587 0.717653 0.845690 0.011370 0.899299 0.573149 0.597670 0.322004 0.356103 0.475862 0.900881 0.325422 0.253624 0.061683 0.526836 0.323778 0.354923 0.946107 0.860065 0.469592 0.678946 0.345217 0.044920 0.838160 0.286553 0.426834 0.720501 0.285807 0.136961 0.883132 0.788735 0.847393 0.144998 0.566453 0.896910 0.254296 0.715560 0.446976 0.013155 0.464214 0.376881 0.602686 0.322748 0.037704 0.517142 0.858705 0.892053 0.409687 0.467881 0.399971 0.402631 0.751935 0.635094 0.267213 0.277902 0.764226 0.069236
0.732522 0.140981 0.337681 0.156699 0.061918 0.350521 0.840583 0.795069 0.995963 0.872620 0.721771 0.837881 0.013339 0.184099 0.442826 0.764109 0.052153 0.528543 0.621817 0.641833 0.245183 0.543717 0.380046 0.858824 0.741178 0.953967 0.639503 0.675322 0.849636 0.603780 0.857233 0.103042 0.148898 0.780161 0.106090 0.760115 0.360921 0.101200 0.922178 0.032028 0.592693 0.363635 0.717633 0.064852 0.435685 0.968810 0.468231 0.706610 0.325647 0.653232 0.129025 0.645245 0.542018 0.090020 0.473959 0.158140 0.839041 0.699046 0.489802 0.230911 0.239033 0.227123 0.998041 0.975594 0.640912
0.104142 0.932946 0.485359 0.237722 0.914357 0.652142 0.086487 0.990128 0.094722 0.238291 0.696931 0.233031 0.990636 0.032103 0.207422 0.865557 0.062151 0.898386 0.708508 0.574984 0.214166 0.761778 0.119564 0.545959 0.250800 0.952028 0.276976 0.752865 0.524572 0.161411 0.047888 0.470759 0.267532 0.010929 0.575927 0.643202 0.789329 0.157809 0.524617 0.711415 0.718773 0.735190 0.788397 0.989240 0.304803 0.203830 0.064077 0.018533 0.779137 0.588819 0.074630 0.910617 0.460522 0.452117 0.339065 0.788906 0.894420 0.544389 0.914458 0.180588 0.460808 0.820755 0.413932 0.147151 0.230669
0.223684 0.266610 0.215340 0.377949 0.940347 0.451318 0.041998 0.918596 0.393938 0.152757 0.762244 0.912116 0.505084 0.740874 0.315192 0.964082 0.395250 0.178509 0.778367 0.879447 0.396363 0.518088 0.764963 0.912848 0.856249 0.906941 0.817486 0.241589 0.453716 0.585749 0.907429 0.405448 0.714388 0.901180 0.073184 0.557328 0.167326 0.153640 0.820729 0.307416 0.193021 0.010433 0.117005 0.595450 0.192648 0.559420 0.699466 0.945080 0.530633 0.081769 0.170135 0.726359 0.880246 0.459174 0.587969 0.543121 0.496643 0.771295 0.397345 0.663186 0.048436 0.558948 0.581984 0.180066 0.147803
0.925589 0.257663 0.249760 0.946505 0.619994 0.101682 0.916698 0.447682 0.257170 0.121480 0.930076 0.874097 0.613755 0.426987 0.372389 0.370462 0.235682 0.437739 0.709052 0.245946 0.133587 0.185859 0.409025 0.396669 0.913685 0.246546 0.856790 0.648593 0.228736 0.058903 0.861949 0.165778 0.901440 0.136928 0.534225 0.285014 0.708855 0.584147 0.438937 0.560900 0.443730 0.820465 0.364353 0.514862 0.620385 0.362075 0.692527 0.193616 0.448365 0.480028 0.356786 0.564024 0.061391 0.007236 0.409424 0.943936 0.560449 0.451965 0.772878 0.747468 0.104033 0.697383 0.416792 0.976634 0.386614
0.840331 0.475444 0.869458 0.815543 0.813868 0.938450 0.573841 0.186668 0.428641 0.317614 0.767118 0.840725 0.136886 0.189101 0.188388 0.021303 0.749794 0.495808 0.710602 0.186163 0.667207 0.465099 0.471714 0.358057 0.892592 0.024499 0.651472 0.112311 0.329951 0.453430 0.441776 0.685860 0.743909 0.066009 0.325495 0.929693 0.680767 0.365291 0.189582 0.174369 0.637079 0.333591 0.693526 0.675894 0.512027 0.842775 0.822302 0.871234 0.150674 0.835741 0.952880 0.133437 0.485065 0.343480 0.842226 0.198777 0.255008 0.340467 0.926199 0.876036 0.434105 0.360681 0.025607 0.409066 0.414683
0.979785 0.800057 0.752616 0.975488 0.228704 0.036985 0.631509 0.446001 0.639740 0.363188 0.876386 0.851338 0.398562 0.811667 0.244019 0.121832 0.477419 0.998558 0.294915 0.863590 0.759007 0.866643 0.173018 0.449778 0.415371 0.112342 0.945344 0.602191 0.421676 0.508083 0.005276 0.487808 0.870007 0.330931 0.518652 0.694338 0.367815 0.566002 0.350200 0.172533 0.136359 0.042255 0.288618 0.430983 0.735854 0.686447 0.017193 0.200279 0.662862 0.277208 0.218223 0.675126 0.938798 0.231291 0.674189 0.808441 0.481130 0.252721 0.228497 0.541323 0.418125 0.983443 0.256095 0.229216 0.121917
0.993106 0.250805 0.391398 0.782837 0.563211 0.091955 0.441584 0.881572 0.779906 0.465868 0.809643 0.726229 0.444459 0.635630 0.593037 0.410195 0.553536 0.868021 0.881287 0.193020 0.260341 0.833396 0.887440 0.959297 0.214646 0.350805 0.661873 0.665455 0.186692 0.915308 0.145278 0.807894 0.601971 0.878010 0.630849 0.347126 0.584528 0.333130 0.870000 0.983741 0.230979 0.306251 0.852850 0.849004 0.812007 0.159576 0.899243 0.823951 0.175162 0.441564 0.700593 0.975205 0.036274 0.233112 0.846328 0.197534 0.331041 0.993787 0.586134 0.534563 0.825676 0.985683 0.502183 0.826284 0.180639
0.977098 0.814942 0.806941 0.490113 0.417199 0.039174 0.980717 0.196369 0.289182 0.741675 0.886651 0.754773 0.177848 0.727372 0.303591 0.781201 0.934148 0.211063 0.747322 0.652596 0.197013 0.668213 0.709717 0.440342 0.689647 0.948408 0.759732 0.979099 0.626786 0.232809 0.382042 0.948538 0.908972 0.539426 0.310910 0.151859 0.806221 0.583542 0.751524 0.682300 0.180736 0.997564 0.424002 0.501707 0.227635 0.100799 0.066167 0.758730 0.241467 0.053526 0.985823 0.150450 0.793888 0.316211 0.950470 0.724632 0.251919 0.246412 0.432802 0.986576 0.965582 0.615326 0.987918 0.120058 0.702864
0.628701 0.251809 0.523553 0.523204 0.393944 0.060374 0.247653 0.991493 0.192862 0.740300 0.017995 0.943801 0.817346 0.177136 0.154722 0.535849 0.622411 0.652804 0.260478 0.844080 0.967909 0.140530 0.007175 0.383426 0.131516 0.302670 0.251861 0.817310 0.684180 0.963323 0.053749 0.911267 0.088945 0.450869 0.425564 0.429475 0.529183 0.159603 0.823121 0.085315 0.692645 0.012239 0.763587 0.472343 0.748355 0.355225 0.369702 0.691129 0.758980 0.495829 0.092373 0.419104 0.947506 0.362029 0.574143 0.180194 0.471763 0.086772 0.230755 0.480072 0.199163 0.042809 0.485965 0.662949 0.503194
0.840443 0.774477 0.790095 0.778977 0.308723 0.867928 0.923193 0.688430 0.385654 0.463301 0.568018 0.068808 0.638254 0.671017 0.460949 0.427269 0.379768 0.733450 0.759960 0.764640 0.313187 0.654167 0.190483 0.910566 0.256071 0.239433 0.512293 0.025493 0.898997 0.430557 0.364848 0.493446 0.036269 0.259377 0.714332 0.907565 0.357132 0.140661 0.434361 0.856664 0.293643 0.941180 0.941008 0.738412 0.065639 0.884065 0.003353 0.680207 0.081605 0.360907 0.301522 0.228834 0.076311 0.449626 0.050244 0.267921 0.915690 0.701627 0.685241 0.913669 0.851919 0.207935 0.549276 0.033736 0.636229
0.548275 0.475124 0.843540 0.068148 0.193470 0.011399 0.339934 0.297523 0.926321 0.392341 0.257770 0.807688 0.561075 0.302126 0.699767 0.210275 0.550151 0.076067 0.066600 0.412906 0.249455 0.273663 0.530540 0.988810 0.956507 0.530454 0.903098 0.388789 0.347073 0.688298 0.910763 0.142019 0.180788 0.839782 0.954875 0.027646 0.346646 0.287653 0.271892 0.427262 0.813004 0.390881 0.759090 0.571864 0.596241 0.172185 0.712520 0.899267 0.174069 0.356546 0.007986 0.121543 0.724632 0.339411 0.096099 0.407152 0.831602 0.920444 0.758822 0.525797 0.006509 0.045777 0.767526 0.899820 0.875630
0.246614 0.178411 0.804764 0.467530 0.739707 0.708719 0.669284 0.500423 0.331800 0.511764 0.054897 0.974770 0.520678 0.549558 0.433206 0.386687 0.449474 0.186123 0.626205 0.288491 0.004656 0.332616 0.244769 0.781483 0.086021 0.906466 0.068088 0.058150 0.748288 0.371744 0.269653 0.189861 0.513453 0.431785 0.087787 0.219612 0.027358 0.735297 0.326633 0.867111 0.519056 0.313561 0.295593 0.228497 0.134700 0.720465 0.232273 0.441557 0.197506 0.653016 0.008417 0.963645 0.077824 0.651452 0.526329 0.283768 0.288488 0.675305 0.105475 0.108682 0.444251 0.137016 0.033135 0.704128 0.074526
0.351956 0.967069 0.575905 0.482634 0.772004 0.049165 0.461252 0.967675 0.314286 0.480123 0.663544 0.091982 0.581239 0.225476 0.572901 0.521472 0.320274 0.266049 0.526455 0.615782 0.379082 0.110212 0.854585 0.023791 0.637561 0.931206 0.579904 0.124873 0.648286 0.645866 0.754094 0.248626 0.268081 0.213487 0.537156 0.012596 0.131709 0.167703 0.614715 0.197974 0.994517 0.997648 0.081135 0.428936 0.048900 0.330804 0.475992 0.887590 0.298010 0.080366 0.186842 0.059804 0.629832 0.612012 0.254892 0.774628 0.116795 0.769042 0.830759 0.536120 0.555919 0.830319 0.915881 0.642529 0.499998
0.477645 0.920400 0.627274 0.577266 0.502200 0.229430 0.106061 0.105798 0.545461 0.065993 0.921865 0.105262 0.964209 0.887274 0.043917 0.170545 0.380448 0.738458 0.266553 0.161273 0.690761 0.805293 0.509941 0.695758 0.826026 0.530872 0.743737 0.921532 0.891452 0.267808 0.836458 0.465109 0.851946 0.831562 0.267877 0.690569 0.607125 0.657973 0.360204 0.328262 0.967633 0.413875 0.123833 0.359432 0.681410 0.369416 0.133037 0.665714 0.433742 0.359688 0.960825 0.150595 0.053612 0.392726 0.112344 0.022813 0.748461 0.854225 0.606145 0.406719 0.314243 0.904795 0.791424 0.654622 0.556058
0.373888 0.443883 0.395696 0.902099 0.792950 0.340863 0.508709 0.617833 0.550942 0.026097 0.078050 0.483343 0.996896 0.272601 0.980694 0.656669 0.374274 0.892156 0.176654 0.658154 0.171137 0.456054 0.116926 0.312704 0.530901 0.391510 0.890112 0.444350 0.164666 0.250077 0.174349 0.656255 0.279454 0.798297 0.170273 0.722469 0.932659 0.062088 0.116173 0.476465 0.397164 0.413214 0.083546 0.291436 0.577794 0.421103 0.569857 0.528251 0.265928 0.536364 0.342989 0.270109 0.747737 0.815314 0.546420 0.542919 0.655843 0.984627 0.662152 0.226675 0.986467 0.461327 0.826439 0.608827 0.287388
0.860666 0.185830 0.239895 0.219343 0.352138 0.900050 0.661645 0.165268 0.420767 0.256453 0.605832 0.112305 0.408084 0.233639 0.056758 0.167032 0.242519 0.599084 0.193825 0.626118 0.291931 0.066085 0.837547 0.726758 0.879541 0.996313 0.576229 0.080478 0.082712 0.290250 0.033910 0.674131 0.759114 0.455967 0.013078 0.744284 0.552191 0.207407 0.722748 0.077143 0.088105 0.136450 0.053737 0.397122 0.282557 0.103432 0.870291 0.054741 0.380537 0.820560 0.401224 0.681197 0.595828 0.515048 0.873899 0.788862 0.261006 0.205953 0.316615 0.701858 0.229893 0.281090 0.546427 0.384110 0.959929
0.181219 0.163783 0.928497 0.741042 0.346062 0.346191 0.908051 0.844608 0.486902 0.156321 0.518384 0.287690 0.361286 0.361982 0.645447 0.862308 0.395471 0.463251 0.223368 0.972690 0.609549 0.898622 0.137441 0.128647 0.079935 0.788893 0.232721 0.152827 0.729257 0.621780 0.705680 0.098774 0.909402 0.456938 0.785925 0.772229 0.102226 0.596896 0.767854 0.606117 0.021428 0.394438 0.350419 0.910232 0.767825 0.211669 0.983685 0.515864 0.082651 0.559935 0.303154 0.970391 0.173938 0.036451 0.898533 0.513024 0.594645 0.228080 0.269866 0.872008 0.554274 0.078433 0.457346 0.407513 0.308788
0.210443 0.885676 0.819430 0.964779 0.589195 0.886297 0.404209 0.625167 0.681679 0.338938 0.606169 0.374966 0.550912 0.275347 0.051597 0.960929 0.180133 0.190526 0.048811 0.221404 0.684994 0.043132 0.891965 0.943159 0.118362 0.027512 0.443751 0.093889 0.091207 0.682366 0.198750 0.197857 0.545289 0.479584 0.746062 0.781728 0.889286 0.232173 0.981025 0.487295 0.139541 0.890730 0.290419 0.605314 0.433935 0.985137 0.237134 0.971386 0.577350 0.488377 0.060928 0.938456 0.628093 0.699703 0.812071 0.944982 0.460533 0.188380 0.396356 0.231767 0.209715 0.384872 0.912465 0.949987 0.600890
0.247243 0.263510 0.783820 0.332950 0.948693 0.438618 0.050535 0.684974 0.017914 0.370041 0.614669 0.611995 0.665019 0.982252 0.693143 0.814489 0.270592 0.907823 0.801154 0.245708 0.130008 0.731750 0.318466 0.970175 0.427914 0.782912 0.454542 0.476265 0.082627 0.299813 0.904834 0.560742 0.830568 0.047376 0.871748 0.552410 0.927690 0.225199 0.285604 0.420860 0.256091 0.704230 0.642096 0.698195 0.920707 0.562874 0.995412 0.133357 0.941350 0.846359 0.826427 0.785939 0.688503 0.654320 0.310556 0.782405 0.497144 0.279899 0.481029 0.912326 0.021059 0.774662 0.621544 0.760107 0.515809
0.018089 0.719391 0.602360 0.288126 0.171753 0.670677 0.011840 0.418377 0.288472 0.304251 0.785296 0.995206 0.135990 0.487409 0.298963 0.292469 0.877633 0.120587 0.987717 0.182910 0.759815 0.140240 0.310269 0.882659 0.860152 0.627383 0.057370 0.921875 0.357400 0.143223 0.306375 0.605891 0.592091 0.360037 0.547810 0.712290 0.277413 0.512257 0.487138 0.242732 0.235585 0.073693 0.286285 0.361824 0.087924 0.300376 0.327495 0.411548 0.711534 0.493323 0.674903 0.383835 0.053781 0.345937 0.048340 0.020642 0.316668 0.982250 0.781560 0.423970 0.152375 0.103610 0.817050 0.045713 0.667959
0.070126 0.552511 0.762313 0.825407 0.952129 0.980225 0.749766 0.430642 0.547537 0.604756 0.125613 0.667553 0.194449 0.966223 0.055555 0.139329 0.459604 0.811526 0.654031 0.030863 0.814512 0.000560 0.276526 0.610081 0.132709 0.231858 0.892929 0.797184 0.715528 0.449330 0.252266 0.136874 0.638020 0.577525 0.813014 0.617110 0.685773 0.657098 0.084193 0.274358 0.182297 0.047428 0.594087 0.935691 0.953191 0.925391 0.859870 0.787533 0.943051 0.889305 0.956072 0.410250 0.915147 0.569587 0.531833 0.439945 0.760718 0.162838 0.612063 0.944295 0.381938 0.945373 0.423316 0.782074 0.777024
0.493474 0.520916 0.711662 0.714002 0.369772 0.018873 0.862069 0.688509 0.213118 0.393529 0.875714 0.913063 0.876498 0.977851 0.454541 0.553113 0.250901 0.403978 0.728871 0.080581 0.024136 0.562262 0.446687 0.869579 0.471376 0.342578 0.105050 0.520899 0.126589 0.063077 0.517426 0.680271 0.207290 0.516223 0.523177 0.894462 0.161970 0.964262 0.797514 0.522355 0.707445 0.256735 0.055983 0.195896 0.290595 0.074763 0.876649 0.471106 0.781280 0.761092 0.430414 0.487564 0.514074 0.943612 0.755951 0.477970 0.280149 0.268540 0.620070 0.274221 0.536126 0.403719 0.845915 0.677519 0.677102
0.326652 0.632035 0.138585 0.601228 0.950997 0.216671 0.910732 0.114387 0.215008 0.184485 0.470619 0.988031 0.302912 0.081219 0.443378 0.946896 0.412532 0.584127 0.847482 0.754961 0.644609 0.217535 0.438392 0.502813 0.857063 0.228711 0.094669 0.581449 0.254465 0.741206 0.600891 0.337071 0.411642 0.787624 0.831050 0.091244 0.950545 0.262295 0.838648 0.521490 0.779360 0.625052 0.922727 0.401038 0.132712 0.947920 0.175077 0.217305 0.756469 0.314961 0.813680 0.463961 0.747677 0.672725 0.034070 0.064030 0.903884 0.846641 0.365724 0.250906 0.290009 0.169488 0.099501 0.606560 0.391495
0.453406 0.366225 0.631125 0.679168 0.415216 0.343295 0.103291 0.868158 0.306449 0.834772 0.817034 0.362183 0.234612 0.118258 0.161866 0.429080 0.037338 0.243185 0.751878 0.890849 0.641330 0.657869 0.660538 0.813130 0.207642 0.090676 0.673691 0.012700 0.707163 0.114770 0.784981 0.602762 0.814442 0.725626 0.949641 0.168002 0.655112 0.522466 0.354281 0.945389 0.465044 0.183874 0.166621 0.484981 0.391504 0.310350 0.713120 0.066596 0.875221 0.498704 0.747250 0.938042 0.894323 0.240666 0.690003 0.342827 0.089503 0.316963 0.781533 0.259435 0.188645 0.263907 0.014490 0.037989 0.598404
0.869300 0.253984 0.145001 0.222167 0.962467 0.043917 0.666961 0.468734 0.888555 0.585714 0.205101 0.831562 0.597405 0.778080 0.015219 0.831059 0.605022 0.571899 0.425885 0.849219 0.020691 0.911045 0.437523 0.523501 0.783194 0.375389 0.934924 0.089266 0.389768 0.186499 0.701520 0.467457 0.294419 0.918236 0.816465 0.724348 0.167066 0.079133 0.953810 0.638762 0.338903 0.691828 0.073579 0.359451 0.631099 0.475892 0.871574 0.825340 0.271308 0.904356 0.459336 0.563879 0.052859 0.467042 0.491907 0.792616 0.691523 0.042143 0.568055 0.915392 0.458558 0.620728 0.018668 0.337381 0.729138
0.097014 0.434841 0.979808 0.475154 0.872346 0.643221 0.715570 0.824697 0.153332 0.176488 0.555380 0.408318 0.495710 0.762833 0.172066 0.381296 0.588731 0.798295 0.808813 0.886160 0.412069 0.387357 0.870112 0.368850 0.622887 0.520170 0.416047 0.740301 0.742731 0.364083 0.752265 0.555820 0.110891 0.978441 0.656427 0.832916 0.103918 0.542974 0.238821 0.939218 0.109637 0.834860 0.023172 0.704589 0.250091 0.746545 0.808027 0.655289 0.094425 0.218945 0.929823 0.514304 0.425778 0.785681 0.820040 0.759673 0.554590 0.120721 0.028273 0.101148 0.066363 0.541181 0.922978 0.369234 0.280240
0.062029 0.201639 0.571585 0.623608 0.721175 0.899645 0.125517 0.438934 0.777405 0.417794 0.567758 0.763013 0.735681 0.428759 0.251120 0.519130 0.911305 0.118618 0.308547 0.372819 0.570483 0.958092 0.780981 0.458488 0.637598 0.244069 0.849320 0.227830 0.554701 0.392188 0.640978 0.549257 0.073116 0.556619 0.840955 0.903532 0.921427 0.248426 0.755460 0.401682 0.671110 0.503094 0.495013 0.904856 0.131611 0.071631 0.241877 0.471038 0.752948 0.224057 0.495134 0.988422 0.876991 0.740113 0.529107 0.751317 0.912760 0.848056 0.367436 0.111642 0.135012 0.513787 0.912203 0.965812 0.614668
